
ABERTURA (33)  22 63 97 133 137 197 230 253 291 315 361 395 428 450 468 519 535 571 601 632 666 721 734 763 796 831 865 907 955 989 1001 1048 1080
ACAO (34)  2 42 92 120 154 167 200 258 291 325 341 377 428 442 474 505 547 578 611 640 685 701 744 770 798 830 882 918 953 987 1006 1048 1082 1106
ACARRETA (34)  1 65 90 126 158 191 217 256 280 318 355 381 415 448 480 521 533 578 623 656 663 693 757 765 793 834 885 927 948 974 999 1050 1067 1102
ACIMA (33)  19 43 77 110 144 178 217 248 276 316 350 382 431 440 471 501 554 574 607 640 712 745 778 813 837 879 911 949 988 1018 1053 1092 1100
ACOMPANHAMENTO (33)  29 57 89 131 142 191 219 233 267 308 341 376 423 455 496 525 550 587 620 642 671 695 729 770 803 832 885 921 955 975 1001 1050 1082
ACUMULADAS (34)  12 38 74 101 137 174 199 239 273 308 357 394 429 437 470 503 544 568 613 647 686 701 737 790 803 838 872 908 929 967 1017 1045 1093 1099
ADMINISTRATIVAS (34)  11 46 76 108 160 194 226 253 278 315 365 375 399 464 495 511 536 567 622 655 683 716 733 774 817 851 885 923 957 967 1000 1035 1069 1104
ADOCAO (33)  21 43 92 112 136 185 217 251 298 300 347 392 427 452 474 508 541 591 605 640 688 707 741 782 817 851 884 908 943 990 1023 1035 1078
ADOTADOS (34)  1 33 67 101 165 173 201 246 280 333 349 382 431 435 479 526 537 564 624 650 663 692 748 771 810 857 876 912 946 981 1027 1061 1093 1097
AFETA (32)  0 46 66 129 155 168 200 238 285 313 347 380 422 454 488 513 538 582 611 629 699 749 781 797 829 877 927 949 984 1021 1054 1074
AGILIDADE (34)  29 39 83 134 164 182 214 235 287 314 351 393 410 463 491 506 558 574 616 646 664 693 754 778 801 843 870 898 929 964 997 1030 1070 1105
AGREGA (34)  11 47 80 113 147 190 222 263 297 308 344 374 400 451 490 511 557 580 613 647 688 719 759 777 810 844 864 898 943 966 1006 1032 1085 1107
AINDA (67)  19 28 42 54 82 87 126 131 148 158 177 195 210 225 233 261 269 294 305 328 342 358 371 391 419 423 457 459 485 492 500 526 546 557 587 593 608 620 654 658 668 678 707 713 729 758 770 774 801 822 845 853 879 889 914 921 940 954 976 995 997 1021 1052 1055 1079 1084 1100
ALAVANCAGEM (33)  23 60 79 128 160 170 223 258 281 314 336 369 401 435 487 509 542 579 598 628 684 714 733 767 821 839 873 894 959 993 1027 1039 1072
ALCANCE (33)  4 56 88 114 139 196 201 235 288 307 351 375 417 441 473 502 556 593 617 653 665 694 755 788 799 832 893 926 960 986 1019 1055 1092
ALTERNATIVAS (33)  12 60 94 113 155 181 218 252 271 305 342 396 430 447 480 509 551 581 613 645 677 722 757 791 819 837 871 919 938 973 1015 1044 1094
AMBIENTE (33)  24 58 68 101 157 193 224 265 299 311 351 396 430 463 493 519 537 572 597 644 689 710 742 763 800 836 870 926 960 993 1027 1045 1068
AMIGOS (34)  25 58 81 105 141 173 208 255 270 332 365 370 432 434 498 505 563 572 603 648 665 722 757 773 806 846 878 899 957 993 1011 1033 1072 1097
ANALISAR (33)  1 33 96 127 159 187 219 252 297 300 334 368 399 460 496 529 545 585 618 636 676 707 759 775 816 850 863 902 937 971 1004 1048 1080
ANALISE (33)  10 53 73 120 136 194 226 261 266 333 366 389 413 446 475 499 544 583 616 650 683 703 740 766 804 834 870 921 946 988 1017 1056 1064
ANUTENCAO (1)  937
AO (67)  11 23 45 47 73 80 113 124 141 147 190 191 212 222 243 263 287 297 308 322 344 355 374 386 400 409 450 451 490 497 511 518 546 557 578 580 601 613 640 647 674 688 694 719 742 759 776 777 808 810 842 844 864 880 898 916 936 943 966 992 999 1006 1032 1050 1085 1088 1107
AOS (33)  18 50 69 109 138 176 223 258 276 330 357 372 415 448 480 505 533 564 595 657 677 719 753 777 799 850 875 912 934 992 1010 1053 1085
APONTA (34)  28 62 84 134 141 173 205 239 273 323 341 379 411 464 497 502 559 569 614 631 685 696 731 790 824 851 888 923 934 990 1028 1061 1079 1106
APRECIACAO (32)  8 42 77 109 145 189 221 255 294 328 362 370 432 443 484 507 536 591 607 657 722 738 772 808 842 876 911 957 981 1013 1047 1088
APRESENTA (34)  25 59 68 112 159 192 231 265 299 302 363 376 402 436 469 531 562 588 621 634 667 697 741 775 802 848 884 900 936 972 1004 1030 1086 1108
APROPRIADAS (34)  27 53 86 127 140 172 205 239 272 329 362 390 414 447 484 517 543 583 598 647 681 712 746 784 821 837 860 894 947 989 1023 1052 1066 1099
APROVAR (34)  25 59 68 112 159 192 231 265 299 302 363 376 402 436 469 531 562 589 622 634 668 697 741 775 802 848 884 901 936 972 1004 1031 1086 1108
AQUI (33)  9 38 71 115 140 172 199 263 266 300 337 379 418 433 467 523 547 582 615 650 717 750 775 808 852 866 923 942 968 999 1040 1064 1097
ASSIM (99)  11 23 28 42 46 48 73 84 87 105 124 126 140 142 158 169 191 195 211 213 225 243 245 261 287 288 294 313 322 328 355 358 359 386 391 392 409 417 419 447 451 459 488 492 497 518 525 526 545 547 557 575 578 593 601 604 608 631 641 654 668 674 678 694 708 716 729 742 748 770 776 781 801 808 816 825 843 853 860 880 889 912 916 921 936 943 954 979 992 995 1000 1005 1021 1035 1050 1055 1068 1079 1088
ASSUME (34)  21 55 87 106 156 179 208 264 298 332 365 373 404 438 489 523 537 568 599 633 667 709 750 783 817 841 874 903 961 977 1008 1036 1065 1099
ATINGIR (33)  6 43 78 130 136 170 202 257 298 320 354 379 416 465 467 509 555 585 621 639 672 708 730 772 814 833 875 910 954 988 1024 1050 1095
ATIPICAS (33)  26 48 91 117 151 182 225 241 292 330 364 396 430 463 493 514 547 564 595 655 679 718 737 771 814 847 878 904 947 982 1015 1058 1071
ATITUDES (33)  4 54 82 104 162 181 209 237 274 317 366 369 409 461 497 524 561 566 607 658 690 724 732 761 793 825 865 906 959 983 1029 1041 1070
ATIVIDADE (66)  3 30 54 64 70 82 104 113 153 162 168 180 209 226 237 243 274 279 312 317 346 366 369 398 400 409 453 461 476 497 510 524 552 561 566 588 607 621 655 658 679 690 709 724 732 737 761 778 793 811 825 855 865 876 894 906 953 959 965 983 1013 1029 1041 1047 1070 1079
ATRIBUICOES (33)  23 64 97 134 146 188 221 240 286 319 346 392 404 436 469 532 559 583 616 658 679 714 749 786 812 849 864 922 956 986 1009 1042 1067
ATUACAO (33)  31 65 98 119 147 179 212 246 281 320 362 394 412 440 483 507 554 579 623 656 680 723 754 776 805 839 873 907 936 972 1005 1049 1089
ATUAL (67)  15 28 39 58 73 97 103 105 139 164 167 170 220 225 240 245 269 283 301 332 336 365 367 374 407 408 441 442 466 471 499 509 533 545 563 576 595 614 641 656 672 673 701 702 726 739 761 765 791 797 824 843 859 869 895 925 929 933 963 969 997 999 1044 1061 1066 1072 1099
AUMENTO (33)  5 37 93 129 164 178 210 254 288 301 343 377 407 435 482 512 560 566 612 633 691 743 785 813 838 872 909 962 987 1007 1036 1062 1104
AUXILIA (34)  30 58 98 107 152 187 220 249 274 326 359 392 425 465 484 506 550 585 624 652 671 700 735 773 805 846 868 902 937 985 1022 1041 1089 1104
AUXILIAM (33)  18 35 71 120 157 190 222 256 289 330 341 389 406 446 478 506 543 580 621 644 690 700 736 788 799 832 866 906 942 978 1010 1044 1078
AVALIACAO (32)  8 40 74 124 161 194 229 261 284 317 348 380 401 443 475 525 554 589 604 638 722 734 765 807 844 862 905 951 983 1014 1054 1089
AVANCO (33)  23 45 73 124 141 191 212 243 288 322 355 386 409 450 497 518 547 578 601 640 674 694 742 776 808 843 880 916 936 992 999 1050 1088
CADA (34)  17 52 91 99 160 176 200 259 282 323 351 378 412 445 493 528 559 590 612 643 673 697 732 781 814 848 881 926 948 975 1028 1042 1075 1104
CAPACIDADE (33)  29 35 69 103 153 172 199 232 270 303 345 398 420 433 466 520 553 584 626 644 675 692 725 770 803 836 869 919 931 987 1012 1046 1087
CAPITAIS (33)  6 60 77 102 149 169 201 264 280 323 350 370 431 454 484 514 549 580 613 643 676 714 745 786 809 833 868 922 948 985 1011 1054 1085
CAROS (34)  25 58 81 105 140 172 208 255 270 332 365 370 432 434 498 505 563 572 603 648 665 722 757 773 806 846 878 899 957 993 1011 1032 1072 1097
CAUSA (34)  15 41 92 124 157 181 213 260 286 309 346 368 412 445 477 524 541 594 609 638 672 712 742 782 798 825 860 908 934 971 1018 1030 1063 1097
CENARIO (34)  17 47 80 118 148 167 229 252 286 307 339 389 432 465 498 532 538 585 604 660 684 716 749 781 821 841 889 925 931 966 1000 1033 1074 1107
CERTIFICACAO (33)  18 35 71 120 157 190 221 255 289 330 341 389 406 446 478 506 542 579 621 644 690 699 736 788 799 832 866 906 942 978 1010 1044 1078
CLARA (34)  23 62 81 114 160 196 206 240 272 306 339 374 401 460 489 501 536 586 619 653 666 700 735 769 801 855 893 911 946 969 1002 1055 1092 1103
CLARO (33)  5 56 73 133 165 182 214 254 283 316 347 377 422 451 495 528 560 590 624 650 684 695 734 784 822 857 891 922 938 981 1006 1036 1084
COM (66)  18 22 35 64 71 96 120 133 146 157 188 190 221 222 240 256 285 289 319 330 341 345 389 392 404 406 436 446 469 478 506 532 543 559 580 582 615 621 644 657 679 690 700 714 736 749 786 788 799 812 832 848 864 866 906 922 943 955 978 985 1008 1010 1042 1044 1066 1078
COMERCIAIS (33)  13 48 83 117 141 188 220 235 270 314 358 368 406 464 488 521 544 581 603 636 670 696 734 784 792 824 880 899 930 974 1006 1062 1066
COMERCIO (33)  7 42 87 126 158 184 203 256 292 303 334 382 417 449 466 503 551 578 610 633 666 721 747 780 822 847 881 913 957 979 1004 1037 1090
COMO (99)  17 23 28 42 46 58 74 87 91 118 124 126 142 151 158 191 196 199 213 225 232 243 261 266 288 294 296 311 322 328 355 356 358 383 386 391 409 417 419 449 451 459 477 492 497 499 518 526 544 547 558 578 590 594 600 601 608 641 653 654 674 678 680 694 708 718 729 742 752 770 776 783 800 801 809 843 853 858 880 887 889 899 916 921 936 952 955 972 992 995 1000 1012 1021 1046 1050 1055 1079 1088 1091
COMPETITIVIDADE (33)  13 48 83 117 141 188 220 235 270 314 358 368 406 464 488 521 544 581 603 636 670 696 734 784 792 824 880 899 930 974 1006 1062 1066
COMPLEXIDADE (33)  14 53 85 124 145 174 204 244 293 316 359 380 414 444 479 505 542 572 616 648 683 698 755 788 794 848 883 918 961 981 998 1057 1088
COMPOSICAO (34)  30 58 99 107 152 187 220 249 275 326 359 392 426 465 485 506 550 585 624 652 671 700 735 773 805 846 868 902 937 985 1022 1041 1089 1104
COMPROMETIMENTO (33)  10 45 78 110 156 189 222 259 275 310 354 387 413 446 487 502 543 575 609 647 704 725 770 804 837 871 916 937 995 1025 1058 1065 1106
COMUNICACAO (33)  17 58 91 117 151 199 231 266 296 311 356 383 417 448 477 499 544 590 600 653 680 718 752 783 800 858 887 899 952 972 1012 1046 1091
CONDICOES (68)  11 27 46 53 76 85 108 127 140 160 172 193 205 226 239 253 272 278 315 329 362 365 375 390 399 414 447 464 484 495 510 517 536 543 567 583 598 622 647 655 681 683 712 716 732 746 774 784 817 821 836 851 860 884 894 922 947 957 967 989 1000 1022 1035 1052 1065 1068 1099 1104
CONDUTA (33)  8 62 81 114 149 192 222 255 283 301 355 387 412 433 468 533 592 625 633 667 696 739 768 818 852 877 909 933 968 1004 1038 1074
CONHECIMENTOS (33)  5 43 77 130 136 170 202 256 298 320 354 379 415 465 467 508 555 585 620 638 672 708 730 772 814 833 875 910 954 988 1024 1049 1095
CONSEGUINTE (33)  27 61 68 101 136 175 226 235 271 324 363 395 415 448 479 524 556 587 619 653 675 713 753 765 806 839 865 898 931 966 1025 1047 1087
CONSENSO (33)  0 52 84 106 161 194 216 250 278 309 348 381 404 438 475 515 548 568 599 628 678 706 746 779 807 856 890 903 938 973 1026 1059 1087
CONSEQUENCIAS (34)  13 64 74 102 144 171 204 242 276 320 352 384 418 440 471 515 548 572 618 640 673 698 748 791 807 838 882 895 930 979 1029 1062 1083 1105
CONSIDERAR (33)  17 51 85 105 154 193 207 237 272 317 358 397 409 455 491 528 560 567 627 648 681 720 754 769 819 853 871 918 938 992 1025 1035 1068
CONSOLIDACAO (33)  1 35 96 122 155 177 211 234 269 322 355 373 399 459 495 528 563 594 624 651 667 712 726 773 819 834 886 894 933 993 1019 1051 1084
CONSTANTE (34)  11 56 79 128 151 173 205 239 273 313 345 378 421 441 473 518 556 583 610 653 687 692 740 773 812 846 879 914 947 982 1017 1033 1067 1102
CONSULTA (33)  18 50 69 109 138 176 223 258 276 330 357 372 415 448 480 505 533 564 595 657 676 718 753 777 799 850 875 912 934 992 1010 1053 1085
CONSUMO (33)  29 57 89 131 142 191 219 233 267 308 341 376 423 455 496 525 550 587 620 642 671 695 729 771 803 832 885 921 955 975 1001 1050 1083
CONTA (32)  14 39 89 110 165 169 228 262 296 329 348 367 429 452 496 517 539 581 602 635 695 745 776 806 828 875 896 953 994 1020 1043 1075
CONTINUA (33)  30 64 70 113 153 168 226 243 279 312 346 398 400 452 476 510 552 588 621 655 679 709 737 778 811 854 876 893 953 965 1013 1047 1079
CONTINUO (33)  31 65 98 119 147 179 211 246 281 319 362 394 412 440 483 507 554 579 623 656 680 723 754 776 805 839 873 907 936 971 1005 1049 1089
CONTRIBUICAO (33)  6 40 96 115 150 186 212 247 293 327 340 386 427 459 474 508 551 573 605 661 662 704 728 762 794 827 881 916 950 967 1016 1049 1081
CONVENCIONAIS (34)  32 66 71 105 148 180 212 262 268 324 358 395 415 449 483 501 535 593 608 632 676 720 735 777 793 839 872 926 930 965 1028 1040 1083 1107
CONVINCENTEMENTE (34)  19 54 82 131 149 177 210 233 269 305 342 371 423 457 485 501 546 587 620 658 669 713 758 774 823 845 879 914 940 976 997 1052 1084 1100
CORPORATIVOS (32)  28 45 72 104 139 187 219 260 289 331 366 389 420 441 471 513 545 576 610 657 706 738 781 798 855 889 924 958 986 1001 1034 1092
CORRENTES (33)  24 52 84 118 137 174 224 244 299 306 361 374 408 444 496 530 561 586 626 636 669 698 733 767 803 847 881 903 945 982 1005 1057 1068
CORRESPONDE (33)  4 63 97 131 162 184 206 232 267 322 352 384 419 446 486 515 562 573 606 644 673 702 731 764 820 854 869 901 963 979 1011 1059 1076
CORRETA (32)  0 46 66 129 155 168 200 238 285 313 347 380 422 454 488 513 538 582 611 629 699 749 781 797 829 877 928 949 984 1021 1054 1074
COSTUMES (34)  3 41 74 106 165 183 215 261 294 328 361 393 425 450 468 520 540 574 608 631 665 697 728 762 796 828 861 902 958 988 1021 1030 1071 1106
COTIDIANA (32)  21 55 75 108 162 195 224 262 286 327 348 381 418 455 489 517 556 577 619 658 720 758 759 792 844 877 914 958 972 1026 1039 1076
CRESCENTE (34)  19 33 86 127 154 195 228 262 296 329 364 397 417 434 468 517 535 569 618 637 684 698 733 782 820 845 878 898 933 994 1028 1039 1076 1098
CRIACAO (33)  3 57 83 130 162 195 209 246 277 310 343 383 419 444 476 529 561 590 612 660 670 708 726 761 812 825 860 909 945 980 1026 1059 1076
CRITICOS (34)  26 65 98 134 138 197 204 242 275 309 352 384 402 435 482 531 549 576 609 642 683 692 730 785 819 836 870 903 941 984 1029 1040 1073 1107
CUIDADO (34)  25 65 98 134 138 197 204 242 275 309 351 384 401 435 482 531 548 575 609 641 683 692 730 785 818 836 870 902 941 984 1028 1039 1072 1107
CUMPRE (33)  5 43 76 122 161 176 229 259 279 312 337 394 399 442 470 529 552 575 603 636 690 724 736 760 792 843 886 922 962 996 998 1044 1090
DECISORIA (34)  29 39 83 134 164 182 214 235 287 314 351 393 410 463 491 506 558 575 616 646 664 693 754 779 801 843 870 898 929 964 997 1030 1071 1105
DECORRENTES (33)  26 48 92 117 151 182 226 241 292 330 364 396 430 463 493 514 547 564 595 655 680 718 737 771 814 847 878 905 947 982 1015 1058 1071
DEFINICAO (33)  31 50 75 101 138 188 215 235 268 306 338 393 421 461 478 513 545 576 619 651 677 701 732 790 816 850 866 906 942 969 1010 1040 1073
DEMAIS (34)  30 47 84 119 153 185 215 250 267 303 336 388 411 443 476 500 539 584 596 628 663 709 739 789 797 854 888 904 940 974 1020 1060 1082 1102
DEMONSTRAM (34)  12 38 74 102 137 174 199 239 273 308 357 394 429 437 470 503 544 568 613 647 686 701 737 790 803 838 872 908 929 967 1017 1045 1093 1099
DEMONSTROU (34)  19 54 82 131 148 177 210 233 269 305 342 371 423 457 485 500 546 587 620 658 668 713 758 774 823 845 879 914 940 976 997 1052 1084 1100
DEPARTAMENTAL (33)  13 61 73 103 139 198 228 234 270 312 360 371 428 456 490 524 548 572 614 648 687 715 726 760 792 841 874 908 944 985 1026 1061 1075
DESAFIA (33)  29 35 69 103 153 172 199 232 270 303 345 398 420 433 466 520 553 584 626 644 675 692 725 770 803 836 869 919 931 987 1012 1046 1087
DESAFIADOR (34)  17 47 80 118 148 167 228 252 286 307 339 389 432 465 498 532 538 585 604 660 684 716 749 781 821 841 889 925 931 966 1000 1033 1074 1107
DESCENTRALIZADORAS (33)  21 43 92 112 136 185 217 251 298 301 347 392 427 452 474 508 541 592 605 640 688 707 741 783 817 851 884 908 944 990 1023 1035 1078
DESENVOLVIMENTO (66)  9 31 44 65 88 98 119 123 147 166 171 179 208 211 246 251 281 295 319 328 337 362 370 394 402 412 440 460 483 498 506 522 546 554 569 579 602 623 634 656 665 680 694 723 740 754 776 779 805 812 839 846 873 880 907 917 936 961 971 998 1005 1032 1049 1073 1089
DETERMINACAO (67)  6 23 40 62 81 96 114 115 150 160 186 196 206 212 240 247 272 293 306 327 339 340 374 386 401 427 459 460 474 489 501 508 536 551 573 586 605 619 653 661 662 666 700 704 728 735 762 769 794 801 827 855 881 893 911 916 946 950 967 969 1002 1016 1049 1055 1082 1092 1103
DEVE (33)  18 45 78 118 140 184 216 250 284 322 353 391 424 453 495 518 554 570 604 654 687 710 729 768 800 856 889 925 954 983 1005 1037 1070
DEVIDAMENTE (32)  10 41 69 114 148 180 223 234 274 319 353 373 422 456 487 512 534 565 617 635 721 755 762 800 829 890 917 945 990 1023 1051 1094
DIALOGO (33)  5 37 93 129 164 178 210 254 288 302 343 377 407 435 482 512 560 566 612 633 691 743 785 813 838 872 909 962 987 1007 1036 1062 1104
DIFERENTES (33)  5 37 93 129 164 178 210 254 288 302 343 377 407 436 482 512 560 567 612 634 691 743 785 813 838 872 909 962 987 1007 1036 1063 1105
DIFICULDADES (33)  28 62 75 134 159 192 221 255 297 327 352 370 402 457 491 529 534 590 626 652 663 694 730 772 816 827 860 927 950 977 1015 1030 1073
DIRECOES (34)  3 57 89 122 145 186 213 237 273 307 340 373 400 434 493 518 538 577 597 637 691 724 728 763 794 827 865 912 941 976 1003 1043 1064 1098
DIRETRIZES (33)  9 44 88 123 166 171 208 251 294 327 337 370 402 460 497 522 546 569 601 634 665 694 740 779 812 846 880 917 961 971 998 1032 1073
DIRIGENTES (33)  22 64 96 133 146 188 221 240 285 319 345 392 403 436 469 532 559 582 615 657 679 714 749 786 812 848 864 921 955 985 1008 1042 1066
DISSOCIAR (33)  9 37 95 127 146 178 211 245 283 316 339 372 431 456 498 505 534 565 596 645 678 717 753 785 818 855 891 897 929 973 1000 1033 1066
DISTINTAS (33)  31 65 98 119 147 179 212 246 281 320 362 394 412 440 483 507 554 579 623 656 680 723 754 776 805 839 873 907 936 972 1005 1049 1089
DIVERSAS (33)  24 52 84 118 137 174 223 244 299 306 361 374 407 444 496 530 561 586 626 636 669 698 733 767 803 847 881 903 945 982 1005 1057 1067
DIVERSOS (33)  18 50 69 109 138 176 223 258 276 330 357 372 415 448 480 505 533 564 595 657 677 719 753 777 799 850 875 912 934 992 1010 1053 1085
DIVULGACAO (34)  11 56 79 128 151 173 205 239 273 313 345 378 421 441 473 518 557 583 611 654 687 692 740 774 812 846 879 914 947 982 1017 1034 1067 1102
DUVIDAS (65)  10 28 41 42 69 87 114 126 148 158 180 195 223 225 234 261 274 294 319 328 353 358 373 391 419 423 456 459 487 492 512 526 534 557 565 594 608 617 635 654 678 708 721 729 755 762 770 800 801 829 853 889 890 917 921 945 954 990 995 1021 1023 1051 1055 1079 1095
EFETUADOS (33)  14 53 85 124 146 174 204 244 293 316 359 380 414 444 479 505 542 573 616 648 683 699 755 788 794 848 883 918 961 981 998 1057 1088
EMPENHO (33)  1 33 95 127 159 187 219 252 296 300 334 368 399 460 496 529 545 585 618 636 676 707 759 775 816 850 863 902 937 971 1003 1048 1080
ENFATIZAR (33)  6 62 95 130 135 184 220 247 285 318 338 393 403 465 485 519 537 579 616 650 665 706 743 777 818 842 875 925 947 981 1015 1033 1067
ENFRENTAR (33)  26 48 91 117 151 182 225 240 292 330 364 396 430 463 493 514 547 564 595 655 679 718 737 771 813 847 878 904 947 982 1015 1058 1071
ENTANTO (33)  29 53 83 129 165 171 209 258 291 332 366 367 413 464 490 515 541 588 599 627 661 710 728 786 796 833 868 900 958 976 1012 1046 1065
ENTENDIMENTO (33)  26 40 95 123 150 197 230 232 287 324 334 391 424 456 490 531 558 571 625 638 672 701 736 766 821 842 888 904 940 989 1016 1046 1077
ENTRE (99)  5 10 14 37 45 50 78 93 110 128 129 154 156 164 178 183 189 210 222 230 242 254 259 275 288 293 302 310 326 343 354 364 377 383 387 407 413 421 435 446 453 482 487 488 502 503 512 543 557 560 567 575 588 597 609 612 631 633 647 675 691 704 725 726 743 761 770 785 804 813 816 831 837 838 871 872 873 909 913 916 937 943 962 987 991 995 1007 1016 1025 1036 1037 1058 1062 1063 1065 1104 1106
ENVOLVIDAS (33)  2 34 95 132 150 196 227 265 279 313 359 372 413 451 478 516 541 591 619 659 707 742 790 808 850 886 897 932 975 1021 1033 1072 1103
ENVOLVIDOS (33)  16 49 68 110 141 175 204 247 281 332 347 397 424 438 471 504 540 572 604 661 670 699 747 780 805 826 861 895 942 977 1025 1058 1077
EQUALIZACAO (33)  29 35 69 103 153 172 199 232 270 303 345 398 420 433 466 520 553 584 626 645 675 692 725 770 803 836 869 919 931 987 1012 1046 1087
EQUIPES (33)  10 45 78 110 156 189 222 259 275 310 354 387 413 446 487 502 543 575 609 647 704 725 770 804 837 871 916 937 995 1025 1058 1065 1107
ESPERADO (33)  21 55 99 111 152 178 211 245 269 302 339 393 425 461 498 502 535 566 618 629 671 719 753 773 806 828 863 920 960 994 1017 1051 1081
ESQUECER (33)  29 53 83 129 165 171 209 258 291 333 366 367 413 464 490 515 542 588 599 628 662 710 728 786 796 833 868 900 959 977 1012 1046 1065
ESSENCIAL (33)  5 44 76 122 161 176 229 259 279 312 337 394 399 442 470 529 552 575 603 636 690 724 736 760 792 843 886 922 962 996 998 1044 1090
ESTABELECIMENTO (68)  11 21 47 55 80 87 106 113 147 156 180 190 208 222 263 264 297 298 308 332 344 365 373 374 400 404 438 451 489 490 511 523 537 557 568 580 599 613 633 647 667 688 710 719 750 759 777 783 810 817 841 844 864 874 898 903 943 961 966 977 1006 1008 1032 1036 1065 1085 1099 1107
ESTAS (32)  10 41 69 113 148 180 223 234 274 319 353 372 422 456 487 512 534 564 617 635 720 754 762 800 829 890 917 945 990 1023 1051 1094
ESTENDE (33)  4 56 88 114 139 196 201 235 288 307 351 375 417 441 473 502 556 593 617 653 665 694 755 788 799 832 893 926 960 986 1019 1055 1092
ESTIMULA (33)  12 33 86 99 135 167 205 244 278 311 354 387 406 434 472 503 540 577 610 637 689 723 747 780 815 852 872 912 933 968 1007 1060 1095
ESTRATEGICOS (33)  5 43 78 130 136 170 202 256 298 320 354 379 415 465 467 508 555 585 620 638 672 708 730 772 814 833 875 910 954 988 1024 1049 1095
ESTRUTURA (34)  15 39 73 105 139 170 225 245 283 332 365 367 408 442 471 509 545 576 614 641 673 702 739 765 797 843 869 895 929 963 997 1044 1072 1099
ESTRUTURAL (33)  9 38 71 115 140 172 199 263 266 300 337 379 418 432 467 523 547 582 615 650 717 750 775 808 852 866 923 941 968 999 1040 1064 1097
ESTRUTURAS (33)  1 35 96 122 155 177 211 234 269 322 355 373 399 459 495 529 563 594 624 651 667 712 726 773 819 834 886 895 933 993 1019 1052 1084
ESTUDOS (33)  14 53 85 124 146 174 204 244 293 316 359 380 414 444 479 505 542 573 616 648 683 699 755 788 794 848 883 918 961 981 998 1057 1088
EVENTUALIDADES (33)  12 34 91 103 137 171 213 248 285 318 353 386 411 447 472 500 539 570 627 649 682 703 752 760 818 857 863 897 949 984 1018 1042 1081
EVIDENTEMENTE (34)  3 64 89 117 151 183 215 258 299 311 361 372 404 432 480 514 560 591 623 633 667 714 739 773 821 856 871 919 952 965 1022 1056 1062 1097
EXCELENCIA (33)  6 43 78 130 136 170 202 257 298 320 354 379 416 466 467 509 555 585 621 639 672 709 730 772 814 833 875 910 954 988 1024 1050 1096
EXECUCAO (33)  27 61 88 133 143 182 200 249 283 326 336 384 419 442 478 499 556 590 601 661 674 717 759 791 814 853 877 917 952 986 1012 1032 1095
EXIGE (33)  31 50 75 101 138 188 215 234 268 306 338 393 421 461 478 512 545 576 619 651 677 701 732 789 816 850 866 906 942 969 1010 1040 1073
EXIGIDAS (34)  11 46 76 109 160 194 226 253 278 315 366 375 399 465 495 511 536 567 622 655 684 716 733 774 817 851 885 923 957 967 1000 1036 1069 1104
EXISTEM (33)  28 42 87 126 158 195 225 261 294 328 358 391 419 459 492 526 557 594 608 654 678 708 729 770 801 853 889 921 954 995 1021 1055 1079
EXPANSAO (67)  2 30 55 64 70 75 108 113 143 153 168 175 208 226 242 243 271 279 305 312 338 346 383 398 400 403 437 453 470 476 510 513 545 552 577 588 602 621 635 655 668 679 709 713 737 738 766 778 798 811 844 854 874 876 894 919 930 953 965 966 1013 1020 1047 1060 1079 1093 1100
EXPERIENCIAS (34)  12 38 74 101 137 174 199 239 273 308 357 394 429 437 470 503 544 568 613 647 686 701 737 790 803 838 871 908 929 967 1017 1045 1093 1098
FACILITA (33)  3 57 83 130 162 195 209 246 276 310 343 383 418 444 476 529 561 590 612 660 670 708 726 761 812 825 860 909 945 980 1026 1059 1076
FATORES (33)  22 51 66 99 135 187 214 259 289 333 363 395 429 451 485 511 553 584 617 645 662 722 757 789 810 831 860 927 945 980 1022 1056 1080
FAZ (33)  27 61 71 104 164 183 214 243 271 324 357 378 407 449 482 532 563 586 625 642 686 716 739 778 809 855 890 899 944 978 1002 1034 1077
FAZEMOS (33)  7 48 80 102 156 168 215 249 297 323 344 376 426 441 492 520 552 575 603 660 689 723 751 766 804 842 891 907 937 969 1002 1039 1072
FENOMENO (33)  8 46 97 130 144 190 205 238 282 314 342 375 428 434 492 528 559 565 598 632 675 720 758 790 824 859 891 898 953 970 1003 1061 1094
FINANCEIRAS (34)  11 46 76 108 160 193 226 253 278 315 365 375 399 464 495 510 536 567 622 655 683 716 732 774 817 851 884 923 957 967 1000 1035 1068 1104
FLUXO (33)  25 54 82 116 159 192 225 259 290 316 350 387 422 454 472 511 539 568 610 642 668 711 745 788 824 834 891 914 949 979 1007 1054 1086
FORMACAO (66)  4 54 63 82 97 104 130 162 181 184 206 209 232 237 266 274 317 321 352 366 369 384 409 419 445 461 486 497 514 524 561 562 566 573 606 607 643 658 673 690 702 724 731 732 761 764 793 820 825 853 865 868 901 906 959 962 979 983 1010 1029 1041 1059 1070 1076
FORMAS (67)  2 31 42 65 92 98 119 120 147 154 167 179 200 212 246 258 281 291 320 324 341 362 377 394 412 428 440 442 474 483 505 507 547 554 578 579 611 623 640 656 680 685 701 723 744 754 770 776 798 805 830 839 873 882 907 918 936 953 972 987 1005 1006 1048 1049 1082 1089 1106
FORMULACAO (33)  5 44 76 122 161 176 229 259 279 312 337 394 399 442 470 529 552 575 603 636 691 724 736 760 792 843 886 922 962 996 998 1044 1090
FUNCIONAIS (67)  15 20 38 49 68 86 110 121 141 144 175 177 204 207 241 247 276 281 310 332 338 347 397 398 405 424 438 439 470 489 504 507 540 549 571 580 604 612 650 661 666 670 697 699 747 756 780 787 796 805 825 826 861 878 895 896 931 942 977 995 1018 1025 1056 1058 1077 1087 1108
FUNDAMENTAL (33)  19 43 77 110 144 178 217 248 276 316 350 382 431 440 472 501 554 574 607 640 712 745 778 813 837 879 911 950 989 1019 1053 1092 1100
FUTURO (33)  9 44 88 123 166 172 208 251 295 328 338 370 402 460 498 522 546 569 602 634 665 695 741 780 813 846 880 917 961 971 998 1032 1073
GARANTE (33)  6 40 96 115 150 185 212 247 293 327 340 386 427 459 474 508 551 573 605 661 662 704 728 762 794 827 880 916 950 966 1016 1049 1081
GERAL (66)  3 23 36 54 70 82 100 104 135 162 176 181 209 217 237 248 274 282 317 329 363 366 369 395 409 429 458 461 473 497 521 524 542 561 566 570 607 609 641 658 683 690 717 724 732 758 761 782 793 822 825 859 865 893 902 906 938 959 983 996 1013 1029 1041 1047 1070 1079
GERENCIAMENTO (33)  27 61 72 104 164 183 214 243 271 324 357 378 407 449 482 532 563 586 625 642 686 716 739 778 809 856 891 900 944 978 1002 1034 1077
GESTAO (33)  7 47 80 102 156 168 215 249 297 323 344 376 426 441 492 519 552 575 602 660 689 723 750 766 804 842 891 907 937 969 1002 1039 1072
GLOBAL (33)  2 38 93 121 142 174 203 248 289 300 334 388 414 447 467 525 549 566 597 643 674 707 743 787 820 837 863 913 932 965 1011 1045 1093
GLOBALIZADO (34)  17 47 80 118 148 167 229 252 286 307 339 389 432 465 498 532 538 585 604 660 684 716 749 781 822 841 889 925 931 966 1000 1033 1074 1108
GOSTARIA (33)  6 61 95 130 134 183 219 247 285 318 338 393 403 465 485 519 536 578 616 650 665 706 743 777 817 841 874 925 946 981 1015 1033 1067
GRUPO (33)  6 40 96 115 150 186 212 247 293 327 340 386 427 459 474 508 551 573 605 661 662 704 728 762 794 827 881 916 950 967 1016 1049 1081
HEGEMONIA (33)  24 58 68 101 157 193 224 265 299 311 351 396 430 463 493 519 537 572 597 644 689 710 742 763 800 836 870 926 960 993 1026 1045 1068
HIERARQUIAS (33)  14 50 93 128 155 183 230 242 294 327 365 383 421 453 488 503 557 588 597 631 675 705 727 761 816 832 873 913 943 991 1017 1037 1063
IDENTIFICAR (34)  26 65 98 134 138 197 204 242 275 309 352 384 401 435 482 531 549 576 609 642 683 692 730 785 818 836 870 902 941 984 1028 1040 1073 1107
IMPACTO (68)  15 29 38 41 83 92 124 134 157 164 181 182 213 214 235 260 286 309 314 346 351 368 392 409 412 445 463 477 491 506 524 541 558 574 594 609 616 638 645 664 672 693 712 742 754 778 782 798 801 825 843 860 870 898 908 929 934 964 971 997 1018 1030 1063 1070 1097 1105
IMPARCIAL (33)  12 34 91 103 137 171 213 248 285 318 353 386 411 447 472 500 539 570 627 649 682 703 752 760 818 857 863 897 949 984 1018 1042 1081
IMPORTANCIA (65)  4 8 42 56 77 88 109 114 139 145 189 196 201 221 236 255 288 294 307 328 351 362 370 375 417 432 441 443 473 484 502 507 536 556 591 593 607 617 653 657 665 694 722 738 755 772 788 799 808 833 842 876 893 911 926 957 960 981 986 1013 1019 1047 1055 1088 1092
IMPORTANTE (66)  6 13 40 50 81 96 115 139 150 168 186 203 212 237 247 270 293 305 327 333 340 386 398 427 438 459 471 474 508 520 551 552 573 583 602 605 631 661 662 670 698 704 728 733 762 767 794 811 827 828 876 881 894 916 950 952 967 987 1013 1016 1049 1061 1074 1081
IMPORTANTES (34)  21 55 87 106 156 179 208 264 298 332 365 373 404 438 489 523 537 568 599 633 667 709 750 783 817 841 874 903 961 977 1008 1036 1065 1099
INCENTIVO (33)  23 45 73 123 141 190 212 243 287 322 355 386 408 450 497 518 546 577 601 640 674 694 742 776 808 842 880 916 936 992 999 1050 1088
INDEPENDENTEMENTE (33)  18 45 78 118 140 184 216 251 284 323 354 391 425 453 495 518 555 570 604 654 687 711 730 768 801 856 889 925 954 983 1005 1037 1070
INDICES (33)  26 39 87 126 159 195 210 236 287 310 335 368 408 461 485 528 550 565 618 651 684 695 736 775 815 845 867 900 935 966 999 1031 1084
INDIRETO (34)  15 41 92 124 157 181 213 260 286 309 346 368 412 445 477 524 541 594 609 638 672 712 742 782 798 825 860 908 934 971 1018 1030 1063 1097
INEGAVELMENTE (34)  27 53 86 127 140 172 205 239 272 329 362 390 414 447 484 517 543 583 598 647 681 712 746 784 821 836 860 894 947 989 1023 1052 1065 1099
INFLUENCIA (34)  19 33 86 127 154 195 228 262 296 329 364 397 418 434 468 517 535 569 618 637 684 698 733 782 820 845 878 898 933 994 1028 1039 1076 1098
INFORMACOES (67)  11 25 55 56 79 83 116 128 152 159 173 192 205 225 239 259 273 290 313 316 345 350 378 387 421 422 441 454 472 473 511 518 539 557 569 583 610 611 642 654 668 687 693 711 740 745 774 789 812 824 834 846 879 892 914 915 947 949 979 982 1007 1017 1034 1055 1067 1086 1102
INICIO (33)  3 54 82 103 162 180 209 237 274 317 366 369 409 461 497 524 561 565 607 658 690 724 732 761 793 825 865 906 959 983 1029 1041 1070
INOVADORA (33)  7 48 80 102 156 168 215 249 297 323 344 376 426 441 492 520 552 575 603 660 689 723 750 766 804 842 891 907 937 969 1002 1039 1072
INTERESSANTE (33)  24 34 81 123 166 198 224 252 282 301 335 377 403 437 479 510 543 574 615 649 682 702 752 784 811 857 883 899 958 963 1003 1053 1078
INTERNACIONAIS (33)  6 60 77 102 149 169 201 264 280 323 350 371 431 454 484 514 549 580 613 643 676 714 745 786 809 833 868 922 948 985 1011 1054 1085
INTERNET (33)  8 46 97 130 144 190 205 238 282 315 342 375 428 435 492 528 559 565 598 632 675 720 758 790 824 859 891 898 954 971 1003 1061 1094
INVESTIMENTO (33)  30 56 79 107 142 169 220 254 275 308 334 367 406 452 466 526 563 594 627 652 688 703 759 769 802 835 869 928 934 980 1022 1055 1080
JULGAMENTO (33)  12 34 91 103 137 171 213 247 285 318 353 386 411 447 472 500 539 570 627 649 682 703 752 760 818 857 863 897 949 984 1018 1042 1081
LADO (33)  24 39 70 112 160 194 205 232 279 307 339 369 400 463 468 513 535 565 597 637 679 695 753 769 807 834 874 918 934 969 1018 1057 1063
LEMBRAR (34)  30 47 84 119 153 185 215 250 267 303 336 388 411 443 476 500 539 584 596 628 663 709 739 789 797 854 888 904 940 974 1020 1060 1082 1102
LEVANTAM (32)  10 41 69 114 148 180 223 234 274 319 353 373 423 456 487 512 534 565 617 635 721 755 762 800 829 890 917 945 990 1023 1051 1095
LEVANTAMENTO (33)  1 34 95 132 150 196 227 264 279 313 359 372 413 451 477 516 541 591 619 659 707 741 790 808 850 886 897 932 975 1021 1033 1071 1103
LEVAR (33)  17 51 85 105 154 193 206 237 272 317 358 397 409 455 491 528 560 567 627 648 681 720 754 769 819 853 871 918 938 992 1025 1035 1068
LIDAR (33)  18 35 71 120 157 190 222 256 289 330 341 389 406 446 478 506 543 580 621 644 690 700 736 788 799 832 866 906 942 978 1010 1044 1078
LONGO (66)  0 21 37 56 79 99 102 111 143 152 179 198 211 231 245 265 269 282 302 314 339 361 393 397 425 428 442 461 473 498 502 509 535 548 566 586 610 618 629 632 671 680 717 719 748 753 766 773 798 806 828 831 861 863 895 920 930 960 963 994 1002 1017 1051 1058 1081
MAIS (100)  0 9 17 37 52 79 91 95 99 102 127 143 146 161 176 178 198 200 211 231 245 259 265 281 283 313 316 323 339 351 361 372 378 397 412 428 431 442 445 456 473 493 498 505 509 528 534 548 559 565 586 590 596 610 612 632 643 645 673 678 680 697 717 732 748 753 766 781 785 798 814 818 831 848 855 861 881 891 895 897 926 929 930 948 963 973 975 1000 1002 1028 1033 1042 1057 1066 1075 1081 1104
MANEIRA (33)  22 62 88 106 150 187 206 246 293 314 345 383 428 453 484 508 540 569 598 645 688 718 746 780 824 859 893 927 962 980 997 1029 1089
MANUTENCAO (33)  25 59 68 112 159 192 231 265 299 302 363 376 402 436 469 531 562 589 622 634 668 697 741 775 802 848 884 901 972 1004 1031 1086 1108
MAXIMIZA (32)  14 39 89 110 165 169 228 262 296 329 348 367 429 452 496 517 539 581 602 635 695 745 776 806 828 875 895 953 993 1020 1042 1075
MELHOR (33)  2 38 93 120 142 174 203 248 289 300 334 388 414 447 467 525 549 566 597 643 674 707 743 787 820 837 863 913 932 965 1011 1045 1093
MELHORIA (67)  22 28 62 63 84 97 133 134 137 141 173 197 206 230 239 253 273 291 315 324 341 361 379 395 411 428 450 464 468 497 502 519 535 559 569 571 601 614 631 632 666 685 696 721 731 734 764 790 796 824 831 851 865 888 907 923 934 955 989 990 1001 1028 1048 1061 1080 1106
MENTE (34)  3 51 90 109 147 179 201 238 292 326 346 379 425 457 491 521 553 571 626 660 687 704 725 763 810 852 885 913 960 994 1007 1041 1090 1103
MERCADOS (34)  2 55 75 108 143 175 208 242 271 305 338 383 403 437 470 513 546 577 602 635 668 713 738 766 798 844 874 919 931 966 1020 1060 1093 1100
MESMO (67)  8 11 48 54 84 86 105 118 140 155 169 188 211 244 245 278 287 311 313 338 359 375 392 400 417 434 447 468 488 525 532 545 551 566 575 604 614 631 652 668 684 716 717 748 752 769 781 794 816 825 841 860 863 893 912 929 943 965 979 998 1005 1030 1035 1068 1076 1106
METAS (33)  26 40 95 123 150 197 230 232 287 324 335 391 424 456 490 531 558 571 625 638 672 701 736 767 821 842 888 904 940 989 1016 1046 1077
METODOLOGIAS (33)  18 35 71 120 157 190 222 255 289 330 341 389 406 446 478 506 542 579 621 644 690 699 736 788 799 832 866 906 942 978 1010 1044 1078
METODOS (32)  7 40 74 124 161 194 229 261 284 317 347 380 401 443 475 524 553 589 604 637 721 734 765 807 844 862 905 950 983 1013 1053 1089
MIDIA (34)  19 33 86 127 154 195 228 262 296 329 364 397 418 434 469 517 535 569 618 637 684 698 733 782 820 845 878 898 933 994 1028 1039 1076 1098
MILITANTES (33)  18 50 69 109 138 176 223 258 276 330 357 372 415 448 480 505 533 564 595 657 677 719 753 777 799 850 875 912 934 992 1010 1053 1085
MOBILIDADE (33)  6 60 77 102 149 169 201 264 280 323 350 370 431 454 484 514 549 580 613 643 676 714 745 786 809 833 868 922 948 985 1011 1054 1085
MODELO (33)  9 38 71 115 140 172 199 263 266 300 337 379 418 432 467 523 547 582 615 650 717 750 775 807 852 866 923 941 968 999 1040 1063 1097
MODERNIZACAO (34)  1 65 90 126 158 191 218 256 280 318 356 381 415 448 480 522 533 578 623 656 664 693 757 765 793 834 886 927 948 975 999 1051 1067 1103
MODIFICACOES (33)  18 45 78 118 140 184 216 251 284 322 353 391 424 453 495 518 555 570 604 654 687 710 729 768 801 856 889 925 954 983 1005 1037 1070
MODO (68)  8 15 54 59 80 86 113 118 145 155 189 193 211 229 244 264 278 297 310 311 338 343 369 375 401 424 434 450 468 483 523 532 550 551 566 581 614 625 652 671 684 716 724 750 752 769 791 794 820 841 851 863 884 893 923 929 949 965 988 998 1008 1030 1037 1071 1076 1106
MODOS (34)  31 66 70 105 147 180 212 262 268 324 357 395 414 449 483 501 534 593 607 632 676 720 735 777 793 839 872 926 930 965 1028 1040 1083 1107
MOTIVACAO (33)  13 61 73 103 138 197 228 234 270 312 359 371 428 455 490 523 548 572 614 648 686 714 726 760 792 841 874 908 944 984 1026 1061 1075
MUDANCA (34)  20 54 82 132 149 177 210 233 269 305 342 371 423 458 486 501 546 587 620 659 669 713 758 774 823 845 879 914 941 976 997 1052 1084 1100
MUNDIAIS (34)  2 55 75 108 143 175 208 242 271 305 338 383 403 437 470 513 546 577 602 635 668 713 738 766 798 844 874 919 931 966 1020 1060 1093 1100
MUNDO (33)  28 58 97 103 164 166 220 240 269 301 336 374 407 441 466 498 533 563 594 656 672 701 726 761 791 824 859 925 933 969 998 1061 1066
NECESSIDADE (66)  0 25 52 59 84 90 106 120 161 166 194 198 216 231 245 250 278 291 309 321 344 348 381 388 404 422 438 445 475 477 515 526 548 561 568 593 596 599 628 629 678 686 706 708 746 748 767 779 806 807 829 856 864 890 900 903 938 943 973 978 1008 1026 1048 1059 1075 1087
NECESSIDADES (33)  4 63 98 131 163 185 206 233 267 322 352 385 419 446 486 515 562 573 606 644 674 702 731 764 820 854 869 901 963 979 1011 1059 1076
NESTE (33)  2 56 92 127 154 192 209 245 266 299 342 375 408 441 473 511 539 569 626 660 675 703 738 772 804 846 869 897 953 985 1002 1054 1085
NIVEIS (33)  13 61 73 103 138 197 228 234 270 312 359 371 427 455 489 523 548 572 614 648 686 714 726 760 792 841 874 908 944 984 1026 1061 1075
NIVEL (33)  13 33 66 131 149 169 203 262 296 321 354 387 421 452 474 510 561 593 614 648 682 691 741 782 804 844 883 909 946 986 1001 1032 1070
NORMALMENTE (34)  0 33 67 101 165 173 201 246 280 333 349 382 431 435 479 525 537 564 624 650 663 692 748 771 810 857 876 911 946 981 1027 1061 1093 1097
NORMATIVAS (33)  8 62 81 115 149 192 222 255 283 301 355 387 412 433 468 533 534 592 625 633 667 696 739 768 818 852 877 909 933 968 1004 1038 1074
NOSSA (33)  30 64 70 113 153 168 226 243 279 312 346 398 400 453 476 510 552 588 621 655 679 709 737 778 811 854 876 894 953 965 1013 1047 1079
NOVAS (33)  10 59 75 106 143 189 209 243 277 300 343 378 432 450 480 529 560 579 595 628 674 710 743 777 809 839 890 925 959 993 1029 1062 1085
NOVO (33)  9 38 71 115 140 172 199 263 266 300 337 379 418 432 467 523 547 582 615 650 717 750 775 807 852 866 923 941 968 999 1040 1063 1097
NUNCA (34)  30 46 84 119 153 185 215 250 267 302 336 387 411 443 476 500 539 584 596 628 663 709 739 789 796 854 888 903 940 974 1020 1060 1082 1102
OBJETIVOS (34)  23 62 81 114 160 196 206 240 272 306 339 374 401 460 489 502 536 586 619 653 666 700 735 769 801 855 893 911 946 969 1002 1055 1092 1103
OBRIGA (33)  10 53 73 119 136 194 226 261 266 333 366 389 413 446 475 499 544 583 616 650 683 703 740 766 804 834 870 921 946 988 1017 1056 1064
OBSTACULIZA (32)  8 42 77 109 145 189 221 255 294 328 362 370 432 443 483 507 536 591 607 657 722 738 772 808 842 876 911 957 981 1013 1047 1088
OBSTANTE (33)  7 45 78 122 155 172 228 233 279 306 364 380 414 461 477 505 537 572 605 638 689 723 746 779 812 855 886 897 933 982 1016 1048 1084
OFERECE (33)  24 34 81 123 166 198 224 251 282 301 335 377 403 437 479 510 543 574 615 649 682 702 752 784 811 857 883 898 958 963 1003 1053 1078
OPERACAO (34)  32 66 70 105 148 180 212 262 268 324 357 395 414 449 483 501 535 593 608 632 676 720 735 777 793 839 872 926 930 965 1028 1040 1083 1107
OPORTUNIDADE (33)  24 34 81 123 166 198 224 252 282 301 335 377 403 437 479 510 543 574 615 649 682 702 752 784 811 857 883 899 958 963 1003 1053 1078
ORCAMENTO (34)  19 51 78 112 157 190 203 263 292 303 336 369 418 457 490 513 556 587 624 654 688 700 738 790 823 856 883 927 948 992 1019 1047 1088 1101
ORGANIZACAO (34)  15 39 73 105 139 170 225 246 283 332 365 367 408 443 471 509 545 576 614 641 673 702 739 765 797 843 869 895 929 963 997 1044 1072 1099
ORGANIZACIONAL (33)  13 33 66 131 149 170 203 262 296 321 354 387 421 452 474 510 561 593 614 649 682 691 741 782 804 845 883 909 946 986 1001 1032 1070
ORGAOS (33)  22 64 96 133 146 188 221 240 285 318 345 392 403 436 469 532 559 582 615 657 678 713 749 786 811 848 864 921 955 985 1008 1041 1066
ORTODOXAS (33)  12 60 94 113 155 181 218 252 271 306 342 396 430 448 480 509 551 582 614 645 677 723 757 791 819 838 871 919 939 973 1015 1045 1094
OUTRO (33)  24 39 70 112 160 194 205 232 278 306 339 369 400 463 468 513 535 565 597 637 679 695 753 769 807 834 874 918 934 969 1018 1057 1063
PADRONIZACAO (33)  12 33 86 99 135 167 205 244 278 311 355 387 406 434 472 503 540 577 610 637 689 723 747 780 815 852 872 912 933 968 1007 1060 1095
PAPEL (33)  5 44 76 122 161 176 229 259 279 312 337 394 399 442 470 529 552 575 603 636 690 724 736 760 792 843 886 922 962 996 998 1044 1090
PARA (199)  5 9 22 24 26 28 34 43 44 48 62 63 78 81 84 88 91 97 117 123 130 133 134 136 137 141 151 166 170 171 173 182 197 198 202 206 208 224 225 230 239 240 251 252 253 256 273 282 291 292 295 298 301 315 320 323 328 330 335 337 341 354 361 364 370 377 379 395 396 402 403 411 416 428 430 437 450 460 463 464 465 467 468 479 493 497 498 502 509 510 514 519 522 535 543 546 547 555 559 564 569 571 574 585 595 601 602 614 615 620 631 632 634 638 649 655 665 666 672 679 682 685 694 696 702 708 718 721 730 731 734 737 741 752 764 771 772 779 784 790 796 811 813 814 824 831 833 846 847 851 857 865 875 878 880 883 888 899 904 907 910 917 923 934 947 954 955 958 961 963 971 982 988 989 990 998 1001 1003 1015 1024 1028 1032 1048 1050 1053 1058 1061 1071 1073 1078 1079 1080 1095 1106
PARADIGMAS (32)  28 45 72 104 139 187 219 260 288 331 366 389 420 440 471 513 545 576 609 656 706 738 781 798 855 888 924 958 986 1001 1034 1092
PARTE (66)  7 27 48 61 71 80 102 104 156 164 169 183 214 215 243 249 271 297 323 324 344 357 376 378 407 426 441 449 482 493 520 532 553 563 575 586 603 625 642 660 686 689 716 723 739 751 766 778 804 809 842 855 890 891 900 907 937 944 969 978 1002 1034 1039 1072 1077
PARTICIPACAO (33)  23 35 70 100 135 176 217 248 282 329 363 395 429 458 473 521 542 570 609 641 682 717 758 782 822 859 893 902 938 996 1013 1047 1079
PARTICIPAR (34)  20 54 82 132 149 177 210 233 269 305 342 371 423 457 486 501 546 587 620 659 669 713 758 774 823 845 879 914 941 976 997 1052 1084 1100
PASSAR (33)  18 45 78 118 140 184 216 250 284 322 353 391 424 453 495 518 554 570 604 654 687 710 729 768 800 856 889 925 954 983 1005 1037 1070
PENSAMENTO (33)  24 53 84 118 138 174 224 244 299 306 361 375 408 444 496 530 561 586 626 636 669 698 733 767 804 847 881 903 946 982 1006 1057 1068
PENSANDO (33)  0 37 79 102 143 198 231 265 281 313 361 396 428 442 473 509 548 586 610 632 680 717 748 766 798 831 861 895 930 963 1001 1057 1081
PERCEBEMOS (34)  17 52 91 99 160 176 200 259 282 323 351 378 412 445 493 528 559 590 612 643 673 697 732 781 814 847 881 926 948 975 1028 1042 1075 1104
PERCEPCAO (33)  28 62 75 134 159 192 221 255 297 327 352 369 402 457 491 529 534 590 626 652 663 694 730 772 816 827 860 926 950 977 1015 1029 1073
PESO (34)  30 47 85 119 153 185 215 250 267 303 336 388 411 443 476 500 539 584 596 628 663 709 740 789 797 854 888 904 940 974 1020 1060 1082 1102
PODE (66)  9 17 37 51 85 95 105 127 146 154 178 193 206 211 237 245 272 283 316 317 339 358 372 397 409 431 455 456 491 498 505 528 534 560 565 567 596 627 645 648 678 680 717 720 753 754 769 785 818 819 853 855 871 891 897 918 929 938 973 992 1000 1025 1033 1035 1066 1068
PODEMOS (67)  15 29 53 59 79 83 112 129 145 165 171 193 209 229 258 264 291 297 310 333 343 366 367 368 413 424 450 464 483 490 515 523 541 550 581 588 599 624 628 652 662 670 710 724 728 749 786 791 796 819 833 850 868 883 900 923 949 959 976 988 1007 1012 1037 1046 1065 1071 1106
POLITICAS (33)  21 43 92 112 136 185 217 251 298 301 347 392 427 452 474 508 541 591 605 640 688 707 741 782 817 851 884 908 944 990 1023 1035 1078
POLITICO (33)  24 58 68 101 157 193 224 265 299 311 351 396 430 463 493 519 537 572 597 644 689 710 742 763 800 836 870 926 960 993 1027 1045 1068
PONDERADAS (32)  10 41 69 114 148 180 223 234 274 319 353 373 423 456 487 512 534 565 617 635 721 755 762 800 829 890 917 945 990 1023 1051 1095
PONTOS (67)  26 27 61 65 88 98 133 134 138 144 182 197 200 204 242 249 275 283 309 326 336 352 384 401 419 435 442 478 482 499 531 549 556 576 591 601 609 642 661 674 683 692 718 730 759 785 791 814 818 836 853 870 877 902 917 941 952 984 986 1012 1029 1032 1040 1073 1095 1107
POR (131)  14 18 24 27 39 45 61 68 70 78 89 101 110 112 118 136 140 160 165 169 175 184 194 205 216 226 228 232 235 250 262 271 278 284 296 306 322 324 329 339 348 353 362 367 369 391 395 400 415 424 429 448 452 453 463 468 479 495 496 513 517 518 524 535 539 554 556 565 570 581 587 597 602 604 619 635 637 653 654 675 679 687 695 710 713 729 745 753 765 768 769 776 800 806 807 828 834 839 856 864 874 875 889 896 898 918 925 931 934 953 954 966 969 983 994 1005 1018 1020 1025 1037 1042 1047 1057 1063 1070 1075 1087
POSICOES (34)  21 55 87 106 156 179 208 264 298 332 365 373 404 438 489 523 537 568 599 633 667 710 750 783 817 841 874 903 961 977 1008 1036 1065 1099
POSITIVAMENTE (32)  0 46 66 129 155 168 200 238 285 313 347 380 422 454 488 513 538 582 611 629 699 749 781 797 829 877 928 949 984 1021 1054 1074
POSSIBILIDADES (32)  14 39 89 110 165 169 228 262 296 329 348 367 429 452 496 517 539 581 602 635 695 745 776 806 828 875 896 953 994 1020 1042 1075
POSSIBILITA (33)  2 38 93 120 142 174 203 248 289 300 334 388 414 447 467 525 549 566 597 643 674 707 743 786 820 837 863 913 932 965 1011 1045 1093
POSTURAS (33)  22 64 96 133 146 188 221 240 285 318 345 391 403 436 469 531 559 582 615 657 678 713 749 785 811 848 864 921 955 985 1008 1041 1066
PRATICA (32)  21 55 75 108 162 195 224 262 286 327 348 381 418 455 489 517 556 577 618 658 720 758 759 792 843 877 914 958 972 1026 1039 1076
PRAZO (66)  0 21 37 56 79 99 103 111 143 152 179 198 211 231 245 265 269 282 302 314 339 361 393 397 425 428 442 462 473 498 502 509 535 548 566 586 610 618 630 632 671 680 717 719 748 753 766 773 798 806 828 831 861 863 895 920 930 960 963 994 1002 1017 1051 1058 1081
PRECISAO (33)  31 50 75 101 138 188 215 235 268 306 338 393 421 461 478 512 545 576 619 651 677 701 732 789 816 850 866 906 942 969 1010 1040 1073
PRECONIZADO (33)  9 38 71 115 140 172 199 263 266 300 337 379 418 433 467 523 547 582 615 650 717 750 775 808 852 866 923 942 968 999 1040 1064 1097
PREFERENCIAIS (34)  3 57 89 122 145 186 213 238 273 307 340 374 400 434 494 519 538 577 598 637 691 725 728 763 794 827 865 912 941 976 1003 1043 1064 1098
PREFERENCIAS (33)  29 57 89 131 142 191 219 233 267 308 341 376 423 455 496 525 550 587 620 642 671 695 729 771 803 832 885 921 955 975 1001 1050 1082
PREPARA (33)  26 48 91 117 151 182 225 240 292 330 364 396 430 463 493 514 547 564 595 655 679 718 737 771 813 847 878 904 947 982 1015 1058 1071
PREPARACAO (34)  30 58 98 107 152 187 220 249 275 326 359 392 425 465 484 506 550 585 624 652 671 700 735 773 805 846 868 902 937 985 1022 1041 1089 1104
PRETENDIDOS (33)  26 39 88 127 159 195 210 236 287 311 335 368 408 461 485 528 550 565 618 651 684 695 737 775 815 845 867 900 935 966 999 1031 1084
PREVISAO (32)  0 46 66 129 155 168 200 238 285 313 347 380 422 454 488 513 538 582 611 629 699 749 781 797 829 877 928 949 984 1022 1054 1074
PROBLEMAS (34)  31 47 85 119 153 185 216 250 267 303 337 388 411 444 476 500 540 584 596 629 663 709 740 789 797 854 888 904 940 974 1020 1060 1082 1102
PROCEDIMENTOS (34)  0 33 67 101 165 173 200 246 280 333 349 381 431 435 479 525 537 564 623 650 662 692 748 771 810 857 876 911 946 981 1027 1060 1093 1097
PROCESSO (100)  1 17 27 58 61 65 71 90 104 117 126 151 158 164 183 191 198 214 217 231 243 256 265 271 280 296 311 318 324 355 356 357 378 381 382 407 415 417 448 449 476 480 482 499 521 532 533 544 563 578 586 590 599 623 625 642 653 656 663 680 686 693 716 718 739 752 757 765 778 783 793 799 809 834 855 858 885 887 891 899 900 927 944 948 952 972 974 978 999 1002 1011 1034 1045 1050 1067 1077 1090 1102
PROCESSUAL (33)  25 59 90 120 166 198 231 245 291 321 344 388 422 445 477 526 562 593 596 629 686 708 748 767 806 829 864 900 943 978 1008 1048 1075
PRODUTIVOS (33)  5 37 93 129 164 178 210 254 288 302 343 377 407 436 482 512 560 567 612 634 691 743 785 813 838 872 909 962 987 1007 1036 1063 1105
PROGRAMA (33)  27 61 88 133 144 182 200 249 283 326 336 384 420 442 478 499 556 591 601 661 674 718 759 791 815 853 877 917 952 986 1012 1032 1095
PROGRESSO (34)  3 57 89 122 145 186 214 238 274 307 340 374 400 434 494 519 538 577 598 637 691 725 729 763 795 828 866 912 941 976 1003 1043 1064 1098
PROMOVE (33)  23 60 79 128 160 170 223 258 281 314 336 369 401 435 487 509 542 579 598 628 684 714 733 767 821 839 873 894 959 993 1027 1039 1072
PROPOSICOES (33)  10 59 75 106 143 189 209 243 277 300 343 378 432 450 481 529 560 579 595 628 674 710 743 777 809 840 890 925 959 993 1029 1062 1085
PROPOSTAS (33)  26 40 95 123 151 197 230 232 287 324 335 391 424 456 490 531 558 571 625 638 672 701 736 767 821 842 888 904 940 989 1016 1046 1077
PROVA (32)  21 55 75 108 162 195 224 263 286 327 348 381 418 455 489 517 556 577 619 658 720 758 760 792 844 877 914 958 973 1026 1039 1077
QUADROS (67)  4 20 37 63 86 97 121 131 144 162 177 184 206 207 232 241 266 276 310 321 338 352 384 398 405 419 439 445 486 489 507 515 549 562 573 580 606 612 643 649 666 673 697 702 731 756 764 787 796 820 825 854 868 878 896 901 931 962 979 995 1011 1018 1056 1059 1076 1087 1108
QUALIFICACAO (33)  0 52 84 107 161 194 216 250 278 309 348 381 404 438 475 515 548 568 599 628 678 706 746 779 807 856 890 903 938 973 1026 1059 1087
QUANTO (33)  14 50 82 115 139 168 203 237 271 305 334 398 427 438 471 520 552 583 602 631 670 698 734 767 811 828 876 894 953 987 1013 1062 1074
QUESTIONAR (33)  14 50 82 115 139 168 203 237 271 305 333 398 427 438 471 520 552 583 602 631 670 698 733 767 811 828 876 894 953 987 1013 1061 1074
QUESTOES (32)  10 41 69 114 148 180 223 234 274 319 353 372 422 456 487 512 534 564 617 635 721 755 762 800 829 890 917 945 990 1023 1051 1094
REAVALIACAO (34)  15 41 92 124 157 181 213 260 286 309 346 368 413 445 477 524 541 594 609 638 672 712 742 782 798 826 861 909 934 971 1018 1030 1063 1097
RECICLAGEM (33)  30 56 79 107 142 169 220 254 275 308 334 367 407 452 466 527 563 594 627 652 688 703 759 769 802 835 869 928 934 980 1022 1056 1080
RECURSOS (33)  15 49 68 109 141 175 204 247 281 332 347 397 424 437 470 504 540 571 603 661 670 699 747 780 805 826 861 895 942 977 1025 1058 1077
REESTRUTURACAO (33)  17 51 85 105 154 193 207 237 272 317 358 397 409 455 491 528 560 567 627 648 681 720 754 769 819 853 871 919 938 992 1025 1035 1068
REFORMULACAO (34)  1 65 90 126 158 191 217 256 280 318 356 381 415 448 480 521 533 578 623 656 664 693 757 765 793 834 885 927 948 975 999 1051 1067 1103
REGRAS (33)  8 62 81 114 149 191 222 255 283 301 355 387 412 433 468 532 533 592 625 633 667 696 739 768 818 852 877 909 933 968 1004 1038 1074
RELACAO (33)  22 64 96 133 146 188 221 240 286 319 345 392 404 436 469 532 559 582 615 657 679 714 749 786 812 849 864 922 955 986 1008 1042 1066
RELACIONAMENTOS (33)  14 50 92 128 154 183 230 242 293 326 364 383 421 453 487 503 557 588 597 631 675 704 726 761 816 831 873 913 943 991 1016 1036 1063
RELATIVIDADE (34)  7 52 70 108 143 175 219 254 287 321 350 382 408 460 492 526 558 592 608 641 676 706 746 779 822 859 861 918 952 995 1024 1057 1094 1098
REMANEJAMENTO (34)  20 37 86 121 144 177 207 241 276 310 338 398 405 439 488 507 549 580 612 649 666 697 755 787 796 825 878 896 931 995 1018 1056 1087 1108
RENOVACAO (33)  25 59 90 120 166 198 231 245 291 321 344 388 422 445 477 526 562 593 596 629 686 708 748 767 806 829 864 900 943 978 1008 1048 1075
REPRESENTA (33)  22 63 97 133 137 197 230 252 291 315 361 395 428 450 468 519 535 571 601 632 666 721 734 763 796 831 865 907 955 989 1001 1048 1080
RESPEITO (33)  28 42 87 126 158 196 225 261 294 328 358 391 419 459 492 526 557 594 608 654 678 708 729 770 801 853 889 921 955 995 1021 1055 1079
RESSALTAR (67)  7 19 43 52 70 77 108 110 143 144 175 178 217 219 248 254 276 287 316 321 350 382 408 431 440 460 472 492 501 526 554 558 574 592 607 608 640 641 676 706 712 745 746 778 779 813 822 837 859 861 879 911 918 950 952 989 995 1019 1024 1053 1057 1092 1094 1098 1100
RESULTADOS (32)  8 41 74 125 161 195 229 261 284 317 348 380 401 443 475 525 554 589 605 638 722 734 765 807 844 862 905 951 983 1014 1054 1090
RETORNO (33)  21 55 99 110 152 178 211 245 269 302 339 393 425 461 498 502 535 566 618 629 671 719 753 773 806 828 863 919 960 994 1017 1051 1081
REVOLUCAO (34)  3 41 74 106 165 183 215 261 294 328 361 393 425 450 468 520 540 574 608 631 665 697 728 762 796 828 861 902 958 988 1021 1030 1071 1106
SEMPRE (34)  2 51 90 109 147 179 201 238 292 326 346 379 425 457 491 521 553 571 626 660 687 703 725 763 810 852 885 913 960 994 1006 1041 1090 1103
SENTIDO (101)  2 3 25 57 59 68 89 92 112 122 127 145 154 159 186 192 209 213 231 238 245 265 266 273 299 300 302 307 340 342 363 374 375 376 400 402 408 434 436 442 469 473 494 511 519 531 538 539 562 569 577 589 598 622 627 634 637 660 668 675 691 697 703 725 729 738 741 763 772 775 794 802 804 827 847 848 865 869 884 897 901 912 936 941 953 972 976 985 1003 1004 1031 1043 1054 1064 1085 1086 1098 1108
SETORES (33)  5 37 93 129 164 178 210 254 288 302 343 377 407 436 482 512 560 567 612 634 691 743 785 813 838 872 909 962 987 1007 1036 1063 1105
SETORIAL (34)  19 51 79 112 158 190 203 263 292 304 336 369 418 457 490 514 556 587 624 654 688 700 738 790 823 856 883 927 948 992 1019 1047 1088 1101
SIGNIFICADO (34)  31 47 85 119 153 185 216 250 267 303 336 388 411 443 476 500 540 584 596 629 663 709 740 789 797 854 888 904 940 974 1020 1060 1082 1102
SISTEMA (66)  4 23 35 63 70 97 99 130 135 162 176 184 206 216 232 248 266 282 321 329 352 363 384 394 419 429 445 458 473 486 514 520 542 562 570 573 605 608 641 643 673 682 702 717 731 758 764 782 820 822 853 859 868 893 901 902 938 962 978 996 1010 1012 1046 1059 1076 1079
SITUACOES (33)  26 48 91 117 151 182 225 240 292 330 364 396 430 463 493 514 547 564 595 655 679 718 737 771 814 847 878 904 947 982 1015 1058 1071
SOBRE (65)  0 10 41 52 69 84 106 114 148 161 180 194 216 223 234 250 274 278 309 319 348 353 373 381 404 423 438 456 475 487 512 515 534 548 565 568 599 617 628 635 678 706 721 746 755 762 779 800 807 829 856 890 903 917 938 945 973 990 1023 1026 1051 1059 1087 1095
SOLUCOES (33)  12 60 94 113 155 181 218 252 271 306 342 396 430 448 480 509 551 581 613 645 677 723 757 791 819 838 871 919 939 973 1015 1045 1094
SUAS (33)  22 64 97 133 146 188 221 240 286 319 345 392 404 436 469 532 559 583 615 658 679 714 749 786 812 849 864 922 956 986 1009 1042 1067
SUBJETIVOS (33)  22 51 66 99 135 187 214 259 289 333 363 395 429 451 485 511 553 584 617 645 662 722 757 789 810 831 860 927 945 980 1022 1056 1080
SURGIMENTO (33)  7 42 87 126 158 184 203 256 292 303 334 382 417 449 466 503 551 578 610 632 666 721 747 780 822 847 881 913 957 979 1004 1037 1090
TALVEZ (34)  7 52 70 108 143 175 219 254 287 321 350 382 408 460 492 526 558 592 608 641 676 706 746 779 822 859 861 918 952 994 1023 1057 1094 1098
TECNICA (33)  30 56 79 107 142 169 220 254 275 309 334 367 407 452 466 527 563 594 627 652 688 703 759 769 802 835 870 928 934 980 1022 1056 1080
TECNOLOGICO (33)  23 46 73 124 142 191 213 243 288 322 355 386 409 451 497 518 547 578 601 641 674 694 742 776 808 843 880 916 936 992 1000 1050 1088
TEMOS (34)  2 51 90 109 147 179 201 238 291 326 346 378 425 457 491 521 553 571 626 660 687 703 725 763 810 852 885 912 960 994 1006 1041 1090 1103
TENDENCIAS (34)  25 59 68 112 159 192 231 265 299 302 363 376 402 436 469 531 562 588 621 634 668 697 741 775 802 848 884 901 936 972 1004 1030 1086 1108
TER (34)  2 51 90 109 147 179 201 238 292 326 346 379 425 457 491 521 553 571 626 660 687 703 725 763 810 852 885 913 960 994 1006 1041 1090 1103
TODAS (32)  10 41 69 113 148 180 223 234 274 319 353 372 422 456 487 512 534 564 617 635 720 754 761 800 828 890 917 945 990 1023 1051 1094
TODO (33)  17 58 91 118 151 199 232 266 296 311 356 383 417 449 477 499 544 590 600 653 680 718 753 783 800 858 887 899 952 972 1012 1046 1091
TODOS (33)  15 49 68 109 141 175 204 247 281 332 346 397 424 437 470 504 540 571 603 661 670 699 747 780 805 826 861 895 942 977 1025 1058 1077
TRANSACOES (33)  13 48 83 117 141 188 220 235 270 314 358 368 406 464 488 521 544 581 603 636 670 696 734 784 792 824 880 899 930 974 1006 1062 1066
TUDO (33)  19 43 77 110 144 178 217 248 276 316 350 382 431 440 471 501 554 574 607 640 712 745 778 813 837 879 911 950 989 1019 1053 1092 1100
UTILIZADOS (32)  7 40 74 124 161 194 229 261 284 317 347 380 401 443 475 524 553 589 604 637 722 734 765 807 844 862 905 950 983 1014 1054 1089
VAI (34)  19 54 82 132 149 177 210 233 269 305 342 371 423 457 485 501 546 587 620 658 669 713 758 774 823 845 879 914 941 976 997 1052 1084 1100
VALOR (34)  11 47 80 113 147 190 222 263 297 308 344 374 400 451 490 511 557 580 613 647 688 719 759 777 810 844 864 898 943 966 1006 1032 1085 1107
VALORIZACAO (33)  22 51 66 99 135 187 214 258 289 333 363 395 429 451 485 511 553 584 617 645 662 722 757 789 810 831 859 927 945 980 1022 1056 1080
VARIAVEIS (33)  1 34 95 132 150 196 227 265 279 313 359 372 413 451 477 516 541 591 619 659 707 742 790 808 850 886 897 932 975 1021 1033 1072 1103
VENHA (34)  7 52 70 108 143 175 219 254 287 321 350 382 408 460 492 526 558 592 608 641 676 706 746 779 822 859 861 918 952 994 1024 1057 1094 1098
VERIFICACAO (33)  24 34 81 123 166 198 224 252 282 301 335 377 403 437 479 510 543 574 615 649 682 702 752 784 811 857 883 899 958 963 1003 1053 1079
VERTICAIS (33)  14 50 93 128 154 183 230 242 293 326 364 383 421 453 488 503 557 588 597 631 675 704 726 761 816 831 873 913 943 991 1016 1037 1063
VEZ (68)  17 31 47 52 85 91 99 119 153 160 176 185 200 216 250 259 267 282 303 323 337 351 378 388 411 412 444 445 476 493 500 528 540 559 584 590 596 612 629 643 663 673 697 709 732 740 781 789 797 814 848 854 881 888 904 926 940 948 974 975 1020 1028 1042 1060 1075 1082 1102 1104
VIRTUAL (33)  7 42 87 126 158 184 203 256 292 303 334 382 417 449 466 503 551 578 610 633 667 721 747 780 822 847 882 913 957 979 1004 1037 1090
VISAO (33)  2 38 93 121 142 174 203 248 289 300 334 388 414 447 467 525 549 566 597 643 674 707 743 787 820 837 863 913 932 965 1011 1045 1093
VISLUMBRAR (34)  15 59 80 113 145 193 229 264 297 310 343 368 424 450 483 523 550 581 624 652 671 724 750 791 819 851 884 923 949 988 1007 1037 1071 1106
